41829
2559
11908
46628
17801
59329
16703
32817
53467
48448
58165
33142
64032
40496
19261
27535
22315
13174
35134
64839
54115
64330
5746
61057
25575
4572
50286
18726
40446
56470
11067
12077
62600
48922
14530
21858
42255
18554
51232
10737
20623
44377
40257
37832
65518
37115
60292
63082
56803
65434
50331
4919
18678
32885
47735
2022
25938
33236
25366
63428
63736
19681
47828
29979
57984
42876
147
63351
48158
20094
12807
11610
26551
18547
54446
49632
5741
32498
64835
58250
29510
8326
16977
65289
38708
38434
25327
24983
20865
43508
18231
57470
44030
12917
45201
59712
52108
51114
31531
5498
56562
55853
62347
16718
28778
55345
10779
20851
56744
52229
48742
4277
15119
13933
43821
31369
26327
34141
46985
13086
13686
57779
22145
915
15992
40066
41352
50402
64997
733
25168
60382
11567
3555
43134
48757
49377
18505
32640
23757
57628
25429
775
6586
20372
40712
17647
58337
59248
11420
24805
42458
30610
41880
22536
54778
63312
6380
13397
57473
42553
16624
51298
32439
49652
41237
40602
26014
12082
22717
17277
23886
23829
39553
43867
51473
17085
64527
40154
54878
9721
15186
37314
63462
48589
45032
42506
28771
44232
4130
58751
37111
33576
30036
31081
59126
53501
9305
64811
65318
64009
53509
10659
7925
47364
9725
22171
33151
41982
55977
16190
19498
47217
40575
27938
47095
30964
28765
36028
26423
35162
29168
18665
48538
56762
1791
43291
26804
30391
46719
2488
21333
38499
13383
53179
40151
14046
40542
53995
8372
2899
64475
64508
51479
15994
40520
51579
39490
38115
7381
54802
52123
17803
13130
18488
44896
18140
6500
28139
53867
37212
43680
2476
64453
57925
30342
53270
18089
22387
5808
51786
56051
10551
48638
14358
3674
14063
11390
53466
26203
52665
8452
649
54643
22220
7463
56892
6398
39385
13919
35084
42300
12557
40752
16642
36286
15484
13014
49361
12097
29641
17351
11384
36782
23459
10030
52279
55123
43646
58429
65042
32281
10779
17192
44784
46693
37709
27727
53086
55309
50131
55592
64386
34355
7406
34322
36334
40348
336
57994
40994
42002
2931
46226
54750
5931
18434
4287
61501
8009
11075
14963
63202
32118
6758
3001
42807
5590
51934
49706
57094
61225
53309
23113
59432
30854
60732
7591
8584
6962
60482
38251
11681
44470
18416
39787
62335
2343
64046
62380
46018
28721
43366
24439
49956
29556
48367
60957
9779
46579
54468
59033
519
14616
47705
48269
17083
24792
14954
23266
54645
34599
57032
43752
45204
63852
13572
43113
41945
31862
2156
54793
33704
47723
40107
20894
57588
13308
50999
45655
49770
49580
37524
56000
3594
21732
33707
56047
52196
20857
24889
17497
40591
33119
35841
3142
43829
43928
11789
29878
21721
16293
15458
55674
15523
13707
790
41156
46550
17089
37932
40893
34783
17341
26638
48351
26102
19205
3962
30612
55873
8109
23508
48729
40085
12373
35188
26581
64256
39754
98
65243
24250
2717
16659
60061
19134
51731
46209
25322
56555
55074
55132
59556
48858
18090
42999
64800
9049
27519
17220
43956
28785
49641
12267
51189
18126
388
17608
60705
58877
30397
17069
47126
23546
10565
54746
4483
21996
33852
35637
55739
53774
30988
30004
55066
57265
7618
30195
25450
15574
58628
60477
14483
8220
63255
29127
43289
13752
17094
24189
2595
38149
20696
24897
41645
48699
7972
1633
58143
64400
36787
57733
18729
31239
46814
58
14993
13207
22311
40285
26163
10636
38167
59847
14703
14849
46808
23658
37280
2480
5300
59819
43379
31506
6066
57209
314
8242
50176
59293
37815
5380
15452
58473
32505
1971
29767
23361
38548
41567
54983
56613
21073
33153
37166
7401
46708
51960
60103
65192
10590
61082
13836
4276
29053
10630
29716
19983
5893
54416
22919
22986
10840
2852
35865
15125
35670
48684
21034
172
37500
11594
39524
10404
50127
6922
59603
40143
39086
58885
61624
64832
37178
15505
10258
40709
33968
4468
37370
30325
31055
12779
6633
20321
21832
46811
51586
33688
10854
4084
44930
28320
10778
38611
42645
23933
61373
9529
8390
45120
32503
47965
26110
27124
21818
46474
11246
61389
17071
45550
21013
15155
29097
7082
49023
6421
24439
20139
42931
9330
24277
39711
49986
14403
8048
46962
40135
61042
16127
48964
59169
3095
62448
64623
48040
12200
53145
57347
39188
49589
35462
45898
25679
44347
61764
18412
34156
14025
50928
57653
27395
62254
48496
33407
20276
15347
11618
65391
31294
832
47653
36078
32889
54978
34029
3314
5065
37750
31959
65195
3234
28577
64989
28527
52040
54859
38209
49780
8510
11665
62540
56519
39629
12285
59823
41930
27619
32388
31588
42404
27
36216
50746
51189
28158
61621
14826
33005
59317
19149
49356
9483
61891
3681
50467
26400
18656
47168
15368
11412
13713
58020
37672
9187
48176
22099
49998
10951
60788
11123
53809
845
17498
53851
45716
20089
52383
491
61053
26560
63302
42633
40122
59698
58130
61297
21705
9283
13232
371
43923
14869
48561
64349
2959
11977
38353
17018
50393
377
57742
14889
4475
40143
60372
59824
38825
11878
60718
52316
3014
58415
283
21261
54876
12895
25850
2226
45933
2349
13715
62994
51401
60193
62010
49712
40050
47621
31900
11315
4929
40260
42554
14381
26266
22400
36166
45475
1761
11743
42363
17271
9059
37228
50143
11613
4093
42152
31001
49441
49426
36076
29478
3708
57286
815
9917
4262
38680
33266
10632
63052
48750
43292
6597
47203
50244
23670
48458
47004
2918
53417
55936
59550
60257
13602
51333
44343
20872
10666
35493
41622
65354
25742
40006
51864
32055
15594
8290
48727
15249
35659
38999
21308
45776
3246
25506
59203
6969
10318
17253
38425
64502
23185
50041
60573
6958
15996
30093
25647
33430
5675
13255
28795
23154
6512
26008
14898
22690
47903
25989
5348
46631
30897
28505
16058
56306
53383
54860
50198
54266
18422
63484
18313
40377
20188
26125
38440
43404
37428
60233
4553
21895
27850
23556
9092
29658
35973
60169
47699
53185
13987
1631
51440
48591
27957
28717
19547
63498
24386
27178
32557
2424
17016
52066
60965
6158
60587
52078
27986
60290
9110
10520
52369
9103
48552
12187
19053
60671
59040
31565
26522
29390
26942
24226
63517
21406
64485
29063
19241
40080
41904
20844
32029
1222
12226
30159
37067
14685
10344
28282
44039
5198
55953
64431
49206
14793
8977
28648
